                                                      NUCLIDE ABUNDANCE YIELDS
                                                      ------- --------- ------


 Computational parameters:
   cy = 0.100/  ct = 0.010/  initial temp = 1.00E+02/  final temp = 1.00E-02/  smallest abundances allowed = 1.00E-25
 Model parameters:
   g =  1.00/  tau = 885.70/  # nu =  3.00/  lambda =  0.000E+00/  xi-e =  0.000E+00/  xi-m =  0.000E+00/  xi-t =  0.000E+00

    Temp        N/H          P          D/H         T/H        He3/H        He4        Li6/H       Li7/H       Be7/H      Li8/H&up
------------------------------------------------------------------------------------------------------------------------------------
 1.000E+02   8.606E-01   5.375E-01   7.337E-12   1.861E-25   1.861E-25   4.000E-25   1.861E-25   1.861E-25   1.861E-25   3.163E-24
 9.439E+01   8.526E-01   5.398E-01   6.794E-12   2.123E-23   2.267E-23   4.000E-25   1.853E-25   1.853E-25   1.853E-25   3.149E-24
 8.549E+01   8.384E-01   5.439E-01   5.972E-12   1.779E-23   1.913E-23   4.000E-25   1.838E-25   1.838E-25   1.838E-25   3.125E-24
 7.743E+01   8.230E-01   5.485E-01   5.258E-12   1.462E-23   1.584E-23   4.000E-25   1.823E-25   1.823E-25   1.823E-25   3.099E-24
 7.013E+01   8.064E-01   5.536E-01   4.640E-12   1.212E-23   1.325E-23   4.000E-25   1.806E-25   1.806E-25   1.806E-25   3.071E-24
 6.352E+01   7.885E-01   5.591E-01   4.104E-12   1.016E-23   1.121E-23   4.000E-25   1.789E-25   1.789E-25   1.789E-25   3.040E-24
 5.753E+01   7.693E-01   5.652E-01   3.639E-12   8.630E-24   9.615E-24   4.000E-25   1.769E-25   1.769E-25   1.769E-25   3.008E-24
 5.211E+01   7.487E-01   5.719E-01   3.236E-12   7.427E-24   8.368E-24   4.000E-25   1.749E-25   1.749E-25   1.749E-25   2.973E-24
 4.720E+01   7.268E-01   5.791E-01   2.886E-12   6.489E-24   7.399E-24   4.000E-25   1.727E-25   1.727E-25   1.727E-25   2.935E-24
 4.275E+01   7.035E-01   5.870E-01   2.584E-12   5.765E-24   6.659E-24   4.000E-25   1.703E-25   1.703E-25   1.703E-25   2.896E-24
 3.872E+01   6.788E-01   5.957E-01   2.322E-12   5.216E-24   6.111E-24   4.000E-25   1.679E-25   1.679E-25   1.679E-25   2.854E-24
 3.507E+01   6.530E-01   6.050E-01   2.095E-12   4.816E-24   5.727E-24   4.000E-25   1.653E-25   1.653E-25   1.653E-25   2.810E-24
 3.177E+01   6.260E-01   6.150E-01   1.899E-12   4.548E-24   5.495E-24   4.000E-25   1.626E-25   1.626E-25   1.626E-25   2.764E-24
 2.877E+01   5.980E-01   6.258E-01   1.731E-12   4.404E-24   5.410E-24   4.000E-25   1.598E-25   1.598E-25   1.598E-25   2.717E-24
 2.606E+01   5.692E-01   6.373E-01   1.587E-12   4.384E-24   5.480E-24   4.000E-25   1.569E-25   1.569E-25   1.569E-25   2.668E-24
 2.360E+01   5.400E-01   6.494E-01   1.465E-12   4.503E-24   5.726E-24   4.000E-25   1.540E-25   1.540E-25   1.540E-25   2.618E-24
 2.138E+01   5.105E-01   6.620E-01   1.362E-12   4.789E-24   6.194E-24   4.000E-25   1.511E-25   1.511E-25   1.511E-25   2.568E-24
 1.936E+01   4.812E-01   6.751E-01   1.279E-12   5.297E-24   6.961E-24   4.000E-25   1.481E-25   1.481E-25   1.481E-25   2.518E-24
 1.754E+01   4.524E-01   6.885E-01   1.212E-12   6.123E-24   8.162E-24   4.000E-25   1.452E-25   1.452E-25   1.452E-25   2.469E-24
 1.589E+01   4.244E-01   7.020E-01   1.163E-12   7.441E-24   1.003E-23   4.000E-25   1.424E-25   1.424E-25   1.424E-25   2.422E-24
 1.439E+01   3.977E-01   7.155E-01   1.132E-12   9.566E-24   1.298E-23   4.000E-25   1.398E-25   1.398E-25   1.398E-25   2.376E-24
 1.303E+01   3.724E-01   7.286E-01   1.118E-12   1.311E-23   1.782E-23   4.000E-25   1.372E-25   1.372E-25   1.372E-25   2.333E-24
 1.180E+01   3.489E-01   7.414E-01   1.126E-12   1.930E-23   2.608E-23   4.000E-25   1.349E-25   1.349E-25   1.349E-25   2.293E-24
 1.069E+01   3.273E-01   7.534E-01   1.157E-12   3.079E-23   4.104E-23   4.000E-25   1.327E-25   1.327E-25   1.327E-25   2.256E-24
 9.795E+00   3.098E-01   7.635E-01   1.210E-12   5.021E-23   6.552E-23   2.639E-24   1.310E-25   1.310E-25   1.310E-25   2.227E-24
 9.042E+00   2.953E-01   7.720E-01   1.282E-12   8.401E-23   1.067E-22   1.799E-23   1.295E-25   1.295E-25   1.295E-25   2.202E-24
 8.423E+00   2.835E-01   7.791E-01   1.372E-12   1.406E-22   1.730E-22   1.150E-22   1.284E-25   1.284E-25   1.284E-25   2.182E-24
 7.907E+00   2.739E-01   7.850E-01   1.477E-12   2.342E-22   2.785E-22   6.934E-22   1.274E-25   1.274E-25   1.274E-25   2.166E-24
 7.471E+00   2.659E-01   7.899E-01   1.596E-12   3.865E-22   4.434E-22   3.958E-21   1.266E-25   1.266E-25   1.266E-25   2.152E-24
 7.096E+00   2.592E-01   7.941E-01   1.730E-12   6.322E-22   6.987E-22   2.142E-20   1.259E-25   1.259E-25   1.259E-25   2.141E-24
 6.759E+00   2.533E-01   7.979E-01   1.885E-12   1.043E-21   1.109E-21   1.096E-19   1.253E-25   1.253E-25   1.253E-25   2.131E-24
 6.412E+00   2.474E-01   8.017E-01   2.090E-12   1.865E-21   1.890E-21   5.267E-19   1.247E-25   1.247E-25   1.247E-25   2.121E-24
 5.964E+00   2.401E-01   8.064E-01   2.455E-12   4.436E-21   4.178E-21   2.371E-18   1.240E-25   1.240E-25   1.240E-25   2.108E-24
 5.406E+00   2.314E-01   8.121E-01   3.171E-12   1.659E-20   1.391E-20   8.797E-18   1.231E-25   1.231E-25   1.231E-25   2.093E-24
 4.897E+00   2.239E-01   8.170E-01   4.303E-12   7.496E-20   5.480E-20   2.824E-17   1.224E-25   1.224E-25   1.224E-25   2.081E-24
 4.472E+00   2.181E-01   8.209E-01   5.961E-12   3.570E-19   2.256E-19   9.236E-17   1.218E-25   1.218E-25   1.218E-25   2.254E-24
 4.126E+00   2.137E-01   8.240E-01   8.274E-12   1.654E-18   9.032E-19   3.067E-16   1.214E-25   1.214E-25   1.214E-25   3.329E-24
 3.840E+00   2.102E-01   8.263E-01   1.146E-11   7.377E-18   3.491E-18   1.024E-15   1.210E-25   1.210E-25   1.210E-25   7.891E-24
 3.600E+00   2.073E-01   8.283E-01   1.582E-11   3.177E-17   1.307E-17   3.411E-15   1.207E-25   1.207E-25   1.207E-25   2.616E-23
 3.394E+00   2.050E-01   8.299E-01   2.177E-11   1.325E-16   4.746E-17   1.129E-14   1.205E-25   1.205E-25   1.205E-25   9.474E-23
 3.215E+00   2.030E-01   8.312E-01   2.984E-11   5.359E-16   1.678E-16   3.703E-14   1.203E-25   1.203E-25   1.203E-25   3.264E-22
 3.058E+00   2.013E-01   8.324E-01   4.075E-11   2.109E-15   5.782E-16   1.202E-13   1.201E-25   1.201E-25   1.201E-25   9.594E-22
 2.919E+00   1.998E-01   8.334E-01   5.543E-11   8.087E-15   1.946E-15   3.856E-13   1.200E-25   1.200E-25   1.200E-25   2.199E-21
 2.794E+00   1.985E-01   8.344E-01   7.511E-11   3.023E-14   6.400E-15   1.222E-12   1.199E-25   1.199E-25   1.199E-25   3.918E-21
 2.683E+00   1.973E-01   8.352E-01   1.014E-10   1.103E-13   2.058E-14   3.827E-12   1.197E-25   1.197E-25   1.197E-25   5.775E-21
 2.581E+00   1.962E-01   8.360E-01   1.366E-10   3.930E-13   6.476E-14   1.185E-11   1.196E-25   1.196E-25   1.196E-25   7.519E-21
 2.487E+00   1.952E-01   8.367E-01   1.841E-10   1.368E-12   1.992E-13   3.639E-11   1.195E-25   1.195E-25   1.195E-25   9.058E-21
 2.399E+00   1.942E-01   8.374E-01   2.498E-10   4.657E-12   5.976E-13   1.120E-10   1.194E-25   1.194E-25   1.194E-25   1.039E-20
 2.311E+00   1.932E-01   8.381E-01   3.473E-10   1.542E-11   1.728E-12   3.520E-10   1.193E-25   1.193E-25   1.193E-25   1.156E-20
 2.218E+00   1.921E-01   8.389E-01   5.059E-10   4.620E-11   4.438E-12   1.101E-09   1.192E-25   1.192E-25   1.192E-25   1.254E-20
 2.110E+00   1.907E-01   8.398E-01   8.221E-10   1.190E-10   9.378E-12   3.358E-09   1.191E-25   1.191E-25   1.191E-25   1.323E-20
 1.968E+00   1.887E-01   8.412E-01   1.704E-09   2.911E-10   1.709E-11   1.003E-08   1.189E-25   1.189E-25   1.189E-25   1.322E-20
 1.815E+00   1.864E-01   8.429E-01   4.268E-09   7.370E-10   3.007E-11   2.538E-08   1.186E-25   2.589E-25   1.186E-25   1.271E-20
 1.721E+00   1.847E-01   8.441E-01   8.187E-09   1.406E-09   4.433E-11   4.389E-08   1.185E-25   1.748E-24   1.185E-25   1.248E-20
 1.638E+00   1.830E-01   8.453E-01   1.563E-08   2.647E-09   6.485E-11   7.247E-08   1.183E-25   1.136E-23   1.183E-25   1.235E-20
 1.564E+00   1.813E-01   8.465E-01   2.949E-08   4.907E-09   9.403E-11   1.162E-07   1.897E-25   6.967E-23   1.181E-25   1.227E-20
 1.498E+00   1.797E-01   8.477E-01   5.488E-08   8.941E-09   1.349E-10   1.826E-07   7.819E-25   4.048E-22   1.180E-25   1.220E-20
 1.440E+00   1.780E-01   8.489E-01   1.006E-07   1.599E-08   1.915E-10   2.827E-07   3.117E-24   2.234E-21   1.178E-25   1.213E-20
 1.387E+00   1.764E-01   8.501E-01   1.818E-07   2.805E-08   2.686E-10   4.327E-07   1.180E-23   1.175E-20   1.176E-25   1.207E-20
 1.339E+00   1.747E-01   8.513E-01   3.240E-07   4.828E-08   3.722E-10   6.569E-07   4.234E-23   5.906E-20   2.231E-25   1.201E-20
 1.296E+00   1.731E-01   8.524E-01   5.703E-07   8.147E-08   5.087E-10   9.926E-07   1.437E-22   2.845E-19   6.817E-25   1.197E-20
 1.256E+00   1.715E-01   8.536E-01   9.935E-07   1.346E-07   6.844E-10   1.499E-06   4.615E-22   1.316E-18   2.026E-24   1.193E-20
 1.222E+00   1.699E-01   8.547E-01   1.664E-06   2.114E-07   8.897E-10   2.223E-06   1.327E-21   5.384E-18   5.546E-24   1.190E-20
 1.188E+00   1.683E-01   8.559E-01   2.819E-06   3.278E-07   1.140E-09   3.382E-06   3.808E-21   2.218E-17   1.538E-23   1.188E-20
 1.157E+00   1.667E-01   8.571E-01   4.754E-06   4.911E-07   1.417E-09   5.250E-06   1.067E-20   8.699E-17   4.160E-23   1.187E-20
 1.127E+00   1.651E-01   8.583E-01   8.015E-06   7.072E-07   1.700E-09   8.409E-06   2.978E-20   3.231E-16   1.093E-22   1.196E-20
 1.099E+00   1.635E-01   8.595E-01   1.360E-05   9.802E-07   1.976E-09   1.406E-05   8.497E-20   1.135E-15   2.785E-22   1.252E-20
 1.072E+00   1.617E-01   8.607E-01   2.329E-05   1.324E-06   2.265E-09   2.470E-05   2.517E-19   3.784E-15   6.913E-22   1.558E-20
 1.046E+00   1.600E-01   8.620E-01   3.999E-05   1.789E-06   2.674E-09   4.558E-05   7.732E-19   1.212E-14   1.705E-21   3.125E-20
 1.022E+00   1.582E-01   8.632E-01   6.779E-05   2.473E-06   3.407E-09   8.761E-05   2.420E-18   3.796E-14   4.328E-21   1.077E-19
 9.996E-01   1.565E-01   8.643E-01   1.122E-04   3.506E-06   4.816E-09   1.736E-04   7.599E-18   1.179E-13   1.172E-20   4.658E-19
 9.796E-01   1.548E-01   8.654E-01   1.809E-04   5.059E-06   7.598E-09   3.515E-04   2.374E-17   3.654E-13   3.476E-20   2.080E-18
 9.614E-01   1.530E-01   8.662E-01   2.844E-04   7.344E-06   1.321E-08   7.186E-04   7.314E-17   1.121E-12   1.133E-19   8.995E-18
 9.452E-01   1.512E-01   8.668E-01   4.304E-04   1.050E-05   2.410E-08   1.433E-03   2.125E-16   3.251E-12   3.823E-19   3.521E-17
 9.302E-01   1.490E-01   8.669E-01   6.378E-04   1.491E-05   4.575E-08   2.831E-03   6.021E-16   9.186E-12   1.348E-18   1.297E-16
 9.162E-01   1.462E-01   8.662E-01   9.251E-04   2.089E-05   8.815E-08   5.510E-03   1.656E-15   2.509E-11   4.829E-18   4.458E-16
 9.028E-01   1.421E-01   8.643E-01   1.314E-03   2.884E-05   1.700E-07   1.056E-02   4.443E-15   6.625E-11   1.735E-17   1.429E-15
 8.899E-01   1.358E-01   8.601E-01   1.818E-03   3.891E-05   3.226E-07   1.982E-02   1.157E-14   1.671E-10   6.142E-17   4.201E-15
 8.775E-01   1.264E-01   8.528E-01   2.395E-03   5.013E-05   5.784E-07   3.518E-02   2.796E-14   3.819E-10   2.009E-16   1.061E-14
 8.642E-01   1.110E-01   8.400E-01   3.028E-03   6.195E-05   1.017E-06   6.154E-02   6.744E-14   8.324E-10   6.735E-16   2.400E-14
 8.495E-01   8.791E-02   8.204E-01   3.526E-03   7.041E-05   1.688E-06   1.015E-01   1.550E-13   1.603E-09   2.229E-15   4.308E-14
 8.323E-01   5.766E-02   7.956E-01   3.608E-03   7.008E-05   2.606E-06   1.526E-01   3.316E-13   2.535E-09   7.507E-15   5.288E-14
 8.133E-01   2.974E-02   7.737E-01   3.112E-03   5.862E-05   3.630E-06   1.984E-01   5.958E-13   2.970E-09   2.465E-14   3.792E-14
 7.944E-01   1.281E-02   7.609E-01   2.336E-03   4.265E-05   4.583E-06   2.257E-01   8.186E-13   2.642E-09   7.568E-14   1.738E-14
 7.767E-01   5.102E-03   7.551E-01   1.636E-03   2.894E-05   5.436E-06   2.385E-01   8.469E-13   2.007E-09   2.170E-13   6.623E-15
 7.606E-01   2.032E-03   7.529E-01   1.129E-03   1.935E-05   6.240E-06   2.438E-01   7.101E-13   1.433E-09   5.805E-13   2.761E-15
 7.457E-01   8.336E-04   7.520E-01   7.882E-04   1.304E-05   7.058E-06   2.461E-01   5.363E-13   1.010E-09   1.461E-12   1.506E-15
 7.313E-01   3.470E-04   7.517E-01   5.578E-04   8.840E-06   7.938E-06   2.472E-01   3.886E-13   7.102E-10   3.550E-12   1.087E-15
 7.163E-01   1.414E-04   7.515E-01   3.965E-04   5.920E-06   8.892E-06   2.478E-01   2.758E-13   4.930E-10   8.574E-12   9.506E-16
 6.992E-01   5.392E-05   7.514E-01   2.791E-04   3.820E-06   9.849E-06   2.481E-01   1.912E-13   3.314E-10   2.105E-11   9.749E-16
 6.788E-01   1.948E-05   7.514E-01   1.951E-04   2.374E-06   1.055E-05   2.483E-01   1.304E-13   2.161E-10   5.029E-11   1.260E-15
 6.532E-01   7.044E-06   7.514E-01   1.362E-04   1.449E-06   1.074E-05   2.484E-01   8.817E-14   1.394E-10   1.095E-10   2.106E-15
 6.171E-01   2.553E-06   7.514E-01   9.311E-05   8.614E-07   1.034E-05   2.484E-01   5.768E-14   8.891E-11   2.128E-10   3.938E-15
 5.649E-01   9.553E-07   7.514E-01   6.330E-05   5.059E-07   9.664E-06   2.485E-01   3.703E-14   5.714E-11   3.444E-10   6.313E-15
 5.117E-01   4.572E-07   7.514E-01   4.810E-05   3.374E-07   9.247E-06   2.485E-01   2.670E-14   4.148E-11   4.335E-10   7.322E-15
 4.634E-01   2.644E-07   7.514E-01   4.003E-05   2.506E-07   9.082E-06   2.485E-01   2.127E-14   3.342E-11   4.802E-10   7.220E-15
 4.198E-01   1.707E-07   7.514E-01   3.523E-05   1.991E-07   9.057E-06   2.485E-01   1.802E-14   2.886E-11   5.014E-10   6.670E-15
 3.808E-01   1.189E-07   7.514E-01   3.220E-05   1.663E-07   9.107E-06   2.485E-01   1.594E-14   2.627E-11   5.083E-10   5.982E-15
 3.475E-01   8.812E-08   7.514E-01   3.027E-05   1.447E-07   9.188E-06   2.485E-01   1.458E-14   2.490E-11   5.081E-10   5.291E-15
 3.162E-01   6.651E-08   7.514E-01   2.888E-05   1.286E-07   9.286E-06   2.485E-01   1.357E-14   2.422E-11   5.048E-10   4.573E-15
 2.864E-01   5.039E-08   7.514E-01   2.785E-05   1.160E-07   9.393E-06   2.485E-01   1.281E-14   2.409E-11   5.001E-10   3.836E-15
 2.594E-01   3.854E-08   7.514E-01   2.712E-05   1.066E-07   9.495E-06   2.485E-01   1.227E-14   2.437E-11   4.954E-10   3.149E-15
 2.350E-01   2.954E-08   7.514E-01   2.660E-05   9.952E-08   9.586E-06   2.485E-01   1.188E-14   2.491E-11   4.913E-10   2.547E-15
 2.128E-01   2.256E-08   7.514E-01   2.623E-05   9.406E-08   9.666E-06   2.485E-01   1.161E-14   2.558E-11   4.880E-10   2.062E-15
 1.928E-01   1.707E-08   7.514E-01   2.596E-05   8.984E-08   9.733E-06   2.485E-01   1.144E-14   2.629E-11   4.854E-10   1.708E-15
 1.746E-01   1.274E-08   7.514E-01   2.577E-05   8.657E-08   9.788E-06   2.485E-01   1.135E-14   2.696E-11   4.835E-10   1.480E-15
 1.581E-01   9.340E-09   7.514E-01   2.563E-05   8.404E-08   9.832E-06   2.485E-01   1.133E-14   2.753E-11   4.822E-10   1.351E-15
 1.445E-01   6.911E-09   7.514E-01   2.553E-05   8.223E-08   9.863E-06   2.485E-01   1.135E-14   2.796E-11   4.813E-10   1.291E-15
 1.336E-01   5.226E-09   7.514E-01   2.547E-05   8.097E-08   9.886E-06   2.485E-01   1.139E-14   2.825E-11   4.808E-10   1.263E-15
 1.246E-01   4.014E-09   7.514E-01   2.542E-05   8.005E-08   9.902E-06   2.485E-01   1.143E-14   2.845E-11   4.804E-10   1.251E-15
 1.169E-01   3.110E-09   7.514E-01   2.539E-05   7.936E-08   9.914E-06   2.485E-01   1.148E-14   2.860E-11   4.802E-10   1.244E-15
 1.098E-01   2.401E-09   7.514E-01   2.536E-05   7.880E-08   9.924E-06   2.485E-01   1.153E-14   2.871E-11   4.800E-10   1.241E-15
 1.024E-01   1.769E-09   7.514E-01   2.534E-05   7.830E-08   9.933E-06   2.485E-01   1.158E-14   2.880E-11   4.799E-10   1.239E-15
 9.510E-02   1.259E-09   7.514E-01   2.532E-05   7.788E-08   9.941E-06   2.485E-01   1.163E-14   2.887E-11   4.798E-10   1.237E-15
 8.902E-02   9.160E-10   7.514E-01   2.531E-05   7.760E-08   9.946E-06   2.485E-01   1.167E-14   2.891E-11   4.797E-10   1.237E-15
 8.385E-02   6.792E-10   7.514E-01   2.530E-05   7.740E-08   9.951E-06   2.485E-01   1.170E-14   2.894E-11   4.797E-10   1.237E-15
 7.938E-02   5.116E-10   7.514E-01   2.529E-05   7.725E-08   9.954E-06   2.485E-01   1.172E-14   2.896E-11   4.797E-10   1.236E-15
 7.545E-02   3.907E-10   7.514E-01   2.528E-05   7.715E-08   9.956E-06   2.485E-01   1.174E-14   2.897E-11   4.797E-10   1.236E-15
 7.196E-02   3.018E-10   7.514E-01   2.528E-05   7.707E-08   9.958E-06   2.485E-01   1.176E-14   2.898E-11   4.797E-10   1.236E-15
 6.882E-02   2.356E-10   7.514E-01   2.527E-05   7.701E-08   9.959E-06   2.485E-01   1.177E-14   2.899E-11   4.796E-10   1.236E-15
 6.598E-02   1.855E-10   7.514E-01   2.527E-05   7.697E-08   9.961E-06   2.485E-01   1.177E-14   2.899E-11   4.796E-10   1.236E-15
 6.326E-02   1.455E-10   7.514E-01   2.527E-05   7.694E-08   9.962E-06   2.485E-01   1.178E-14   2.900E-11   4.796E-10   1.236E-15
 5.737E-02   8.133E-11   7.514E-01   2.526E-05   7.689E-08   9.963E-06   2.485E-01   1.179E-14   2.900E-11   4.796E-10   1.236E-15
 5.196E-02   4.430E-11   7.514E-01   2.526E-05   7.687E-08   9.965E-06   2.485E-01   1.180E-14   2.901E-11   4.796E-10   1.236E-15
 4.706E-02   2.367E-11   7.514E-01   2.526E-05   7.687E-08   9.966E-06   2.485E-01   1.180E-14   2.901E-11   4.796E-10   1.236E-15
 4.263E-02   1.243E-11   7.514E-01   2.526E-05   7.687E-08   9.966E-06   2.485E-01   1.181E-14   2.901E-11   4.796E-10   1.236E-15
 3.861E-02   6.411E-12   7.514E-01   2.526E-05   7.687E-08   9.967E-06   2.485E-01   1.181E-14   2.901E-11   4.796E-10   1.236E-15
 3.497E-02   3.254E-12   7.514E-01   2.526E-05   7.687E-08   9.967E-06   2.485E-01   1.181E-14   2.901E-11   4.796E-10   1.236E-15
 3.167E-02   1.625E-12   7.514E-01   2.526E-05   7.687E-08   9.967E-06   2.485E-01   1.181E-14   2.901E-11   4.796E-10   1.236E-15
 2.869E-02   7.991E-13   7.514E-01   2.526E-05   7.687E-08   9.967E-06   2.485E-01   1.181E-14   2.901E-11   4.796E-10   1.236E-15
 2.598E-02   3.867E-13   7.514E-01   2.526E-05   7.687E-08   9.967E-06   2.485E-01   1.181E-14   2.901E-11   4.796E-10   1.236E-15
 2.353E-02   1.842E-13   7.514E-01   2.526E-05   7.687E-08   9.967E-06   2.485E-01   1.181E-14   2.901E-11   4.796E-10   1.236E-15
 2.132E-02   8.638E-14   7.514E-01   2.526E-05   7.686E-08   9.967E-06   2.485E-01   1.181E-14   2.901E-11   4.796E-10   1.236E-15
 1.931E-02   3.985E-14   7.514E-01   2.526E-05   7.685E-08   9.967E-06   2.485E-01   1.181E-14   2.901E-11   4.796E-10   1.236E-15
 1.749E-02   1.809E-14   7.514E-01   2.526E-05   7.683E-08   9.967E-06   2.485E-01   1.181E-14   2.901E-11   4.796E-10   1.236E-15
 1.584E-02   8.073E-15   7.514E-01   2.526E-05   7.682E-08   9.967E-06   2.485E-01   1.181E-14   2.901E-11   4.796E-10   1.236E-15
 1.435E-02   3.542E-15   7.514E-01   2.526E-05   7.679E-08   9.967E-06   2.485E-01   1.181E-14   2.901E-11   4.796E-10   1.236E-15
 1.299E-02   1.527E-15   7.514E-01   2.526E-05   7.677E-08   9.967E-06   2.485E-01   1.181E-14   2.901E-11   4.796E-10   1.236E-15
 1.177E-02   6.465E-16   7.514E-01   2.526E-05   7.674E-08   9.967E-06   2.485E-01   1.181E-14   2.901E-11   4.796E-10   1.236E-15
 1.066E-02   2.687E-16   7.514E-01   2.526E-05   7.670E-08   9.967E-06   2.485E-01   1.181E-14   2.901E-11   4.796E-10   1.236E-15
 9.946E-03   1.436E-16   7.514E-01   2.526E-05   7.667E-08   1.004E-05   2.485E-01   1.181E-14   5.086E-10   4.796E-10   1.236E-15
 
    Temp         T          rhog        rhoe       rhone        rhob        phie         dt         eta          H
------------------------------------------------------------------------------------------------------------------------------------
 1.000E+02   1.082E-02   8.418E+08   1.474E+09   2.210E+09   5.771E+01   6.605E-10   1.000E-04   1.713E-09   5.030E+01
 9.439E+01   1.203E-02   6.681E+08   1.169E+09   1.754E+09   4.852E+01   6.633E-10   2.188E-04   1.713E-09   4.481E+01
 8.549E+01   1.448E-02   4.496E+08   7.870E+08   1.180E+09   3.605E+01   6.685E-10   2.668E-04   1.713E-09   3.676E+01
 7.743E+01   1.746E-02   3.026E+08   5.296E+08   7.942E+08   2.679E+01   6.742E-10   3.252E-04   1.713E-09   3.015E+01
 7.013E+01   2.109E-02   2.036E+08   3.564E+08   5.344E+08   1.990E+01   6.805E-10   3.965E-04   1.713E-09   2.474E+01
 6.352E+01   2.552E-02   1.371E+08   2.398E+08   3.596E+08   1.479E+01   6.875E-10   4.834E-04   1.713E-09   2.029E+01
 5.753E+01   3.092E-02   9.224E+07   1.614E+08   2.420E+08   1.098E+01   6.952E-10   5.893E-04   1.712E-09   1.664E+01
 5.211E+01   3.750E-02   6.208E+07   1.086E+08   1.628E+08   8.161E+00   7.036E-10   7.185E-04   1.712E-09   1.365E+01
 4.720E+01   4.553E-02   4.178E+07   7.307E+07   1.095E+08   6.063E+00   7.128E-10   8.760E-04   1.712E-09   1.120E+01
 4.275E+01   5.531E-02   2.812E+07   4.916E+07   7.370E+07   4.504E+00   7.230E-10   1.068E-03   1.711E-09   9.187E+00
 3.872E+01   6.724E-02   1.892E+07   3.307E+07   4.958E+07   3.345E+00   7.341E-10   1.302E-03   1.711E-09   7.536E+00
 3.507E+01   8.179E-02   1.273E+07   2.225E+07   3.335E+07   2.485E+00   7.462E-10   1.588E-03   1.710E-09   6.181E+00
 3.177E+01   9.953E-02   8.570E+06   1.497E+07   2.243E+07   1.846E+00   7.593E-10   1.937E-03   1.709E-09   5.069E+00
 2.877E+01   1.212E-01   5.768E+06   1.007E+07   1.509E+07   1.371E+00   7.735E-10   2.363E-03   1.709E-09   4.158E+00
 2.606E+01   1.476E-01   3.882E+06   6.771E+06   1.014E+07   1.018E+00   7.888E-10   2.882E-03   1.707E-09   3.410E+00
 2.360E+01   1.798E-01   2.613E+06   4.553E+06   6.820E+06   7.556E-01   8.051E-10   3.516E-03   1.706E-09   2.796E+00
 2.138E+01   2.191E-01   1.758E+06   3.061E+06   4.584E+06   5.609E-01   8.224E-10   4.291E-03   1.704E-09   2.293E+00
 1.936E+01   2.670E-01   1.183E+06   2.057E+06   3.080E+06   4.163E-01   8.405E-10   5.237E-03   1.702E-09   1.880E+00
 1.754E+01   3.256E-01   7.964E+05   1.382E+06   2.069E+06   3.089E-01   8.594E-10   6.394E-03   1.700E-09   1.541E+00
 1.589E+01   3.971E-01   5.360E+05   9.287E+05   1.389E+06   2.291E-01   8.790E-10   7.810E-03   1.697E-09   1.263E+00
 1.439E+01   4.844E-01   3.607E+05   6.235E+05   9.325E+05   1.699E-01   8.989E-10   9.542E-03   1.694E-09   1.035E+00
 1.303E+01   5.911E-01   2.428E+05   4.184E+05   6.255E+05   1.259E-01   9.192E-10   1.166E-02   1.689E-09   8.481E-01
 1.180E+01   7.217E-01   1.634E+05   2.806E+05   4.193E+05   9.329E-02   9.397E-10   1.427E-02   1.684E-09   6.947E-01
 1.069E+01   8.814E-01   1.100E+05   1.881E+05   2.808E+05   6.906E-02   9.602E-10   1.747E-02   1.678E-09   5.688E-01
 9.795E+00   1.052E+00   7.749E+04   1.319E+05   1.968E+05   5.290E-02   9.785E-10   1.784E-02   1.671E-09   4.765E-01
 9.042E+00   1.238E+00   5.626E+04   9.525E+04   1.420E+05   4.143E-02   9.953E-10   1.885E-02   1.664E-09   4.051E-01
 8.423E+00   1.430E+00   4.237E+04   7.136E+04   1.064E+05   3.335E-02   1.010E-09   1.945E-02   1.657E-09   3.508E-01
 7.907E+00   1.627E+00   3.290E+04   5.511E+04   8.211E+04   2.746E-02   1.024E-09   1.985E-02   1.649E-09   3.084E-01
 7.471E+00   1.827E+00   2.623E+04   4.369E+04   6.506E+04   2.306E-02   1.036E-09   2.012E-02   1.642E-09   2.747E-01
 7.096E+00   2.030E+00   2.135E+04   3.536E+04   5.264E+04   1.968E-02   1.048E-09   2.057E-02   1.635E-09   2.472E-01
 6.759E+00   2.244E+00   1.756E+04   2.892E+04   4.304E+04   1.692E-02   1.059E-09   2.250E-02   1.627E-09   2.237E-01
 6.412E+00   2.502E+00   1.423E+04   2.326E+04   3.460E+04   1.436E-02   1.072E-09   2.973E-02   1.618E-09   2.007E-01
 5.964E+00   2.906E+00   1.065E+04   1.722E+04   2.561E+04   1.146E-02   1.090E-09   5.283E-02   1.604E-09   1.729E-01
 5.406E+00   3.565E+00   7.190E+03   1.142E+04   1.698E+04   8.422E-03   1.117E-09   7.288E-02   1.583E-09   1.411E-01
 4.897E+00   4.387E+00   4.840E+03   7.518E+03   1.119E+04   6.158E-03   1.147E-09   9.041E-02   1.557E-09   1.147E-01
 4.472E+00   5.317E+00   3.365E+03   5.099E+03   7.595E+03   4.607E-03   1.179E-09   9.694E-02   1.530E-09   9.475E-02
 4.126E+00   6.312E+00   2.439E+03   3.601E+03   5.374E+03   3.554E-03   1.212E-09   1.022E-01   1.502E-09   7.988E-02
 3.840E+00   7.366E+00   1.831E+03   2.630E+03   3.935E+03   2.813E-03   1.245E-09   1.080E-01   1.475E-09   6.851E-02
 3.600E+00   8.477E+00   1.413E+03   1.974E+03   2.963E+03   2.274E-03   1.280E-09   1.137E-01   1.447E-09   5.958E-02
 3.394E+00   9.645E+00   1.116E+03   1.515E+03   2.283E+03   1.870E-03   1.316E-09   1.193E-01   1.421E-09   5.241E-02
 3.215E+00   1.087E+01   8.990E+02   1.184E+03   1.793E+03   1.560E-03   1.353E-09   1.248E-01   1.394E-09   4.655E-02
 3.058E+00   1.215E+01   7.358E+02   9.405E+02   1.431E+03   1.318E-03   1.391E-09   1.304E-01   1.368E-09   4.168E-02
 2.919E+00   1.348E+01   6.108E+02   7.570E+02   1.159E+03   1.125E-03   1.431E-09   1.358E-01   1.343E-09   3.759E-02
 2.794E+00   1.487E+01   5.133E+02   6.165E+02   9.502E+02   9.690E-04   1.472E-09   1.413E-01   1.318E-09   3.410E-02
 2.683E+00   1.631E+01   4.360E+02   5.072E+02   7.875E+02   8.417E-04   1.515E-09   1.469E-01   1.294E-09   3.110E-02
 2.581E+00   1.781E+01   3.736E+02   4.207E+02   6.585E+02   7.360E-04   1.560E-09   1.532E-01   1.271E-09   2.850E-02
 2.487E+00   1.939E+01   3.223E+02   3.511E+02   5.543E+02   6.468E-04   1.607E-09   1.618E-01   1.248E-09   2.620E-02
 2.399E+00   2.108E+01   2.788E+02   2.934E+02   4.677E+02   5.694E-04   1.658E-09   1.765E-01   1.224E-09   2.411E-02
 2.311E+00   2.300E+01   2.401E+02   2.430E+02   3.919E+02   4.987E-04   1.717E-09   2.056E-01   1.200E-09   2.212E-02
 2.218E+00   2.530E+01   2.039E+02   1.974E+02   3.228E+02   4.312E-04   1.787E-09   2.566E-01   1.172E-09   2.012E-02
 2.110E+00   2.845E+01   1.670E+02   1.522E+02   2.541E+02   3.603E-04   1.886E-09   3.797E-01   1.138E-09   1.790E-02
 1.968E+00   3.359E+01   1.262E+02   1.049E+02   1.811E+02   2.796E-04   2.051E-09   6.498E-01   1.090E-09   1.518E-02
 1.815E+00   4.072E+01   9.142E+01   6.732E+01   1.223E+02   2.082E-04   2.291E-09   2.977E-01   1.033E-09   1.253E-02
 1.721E+00   4.627E+01   7.391E+01   4.978E+01   9.419E+01   1.712E-04   2.489E-09   5.693E-01   9.965E-10   1.104E-02
 1.638E+00   5.216E+01   6.060E+01   3.728E+01   7.375E+01   1.425E-04   2.709E-09   6.023E-01   9.625E-10   9.795E-03
 1.564E+00   5.832E+01   5.039E+01   2.830E+01   5.871E+01   1.201E-04   2.953E-09   6.225E-01   9.317E-10   8.764E-03
 1.498E+00   6.469E+01   4.244E+01   2.177E+01   4.749E+01   1.024E-04   3.221E-09   6.462E-01   9.038E-10   7.902E-03
 1.440E+00   7.125E+01   3.617E+01   1.696E+01   3.898E+01   8.833E-05   3.516E-09   6.627E-01   8.787E-10   7.176E-03
 1.387E+00   7.795E+01   3.116E+01   1.336E+01   3.243E+01   7.695E-05   3.838E-09   6.768E-01   8.561E-10   6.559E-03
 1.339E+00   8.479E+01   2.709E+01   1.064E+01   2.731E+01   6.764E-05   4.189E-09   6.894E-01   8.357E-10   6.030E-03
 1.296E+00   9.175E+01   2.375E+01   8.545E+00   2.324E+01   5.993E-05   4.574E-09   7.015E-01   8.173E-10   5.572E-03
 1.256E+00   9.884E+01   2.097E+01   6.916E+00   1.996E+01   5.347E-05   4.995E-09   7.143E-01   8.006E-10   5.172E-03
 1.222E+00   1.056E+02   1.875E+01   5.699E+00   1.742E+01   4.828E-05   5.430E-09   6.968E-01   7.863E-10   4.838E-03
 1.188E+00   1.128E+02   1.678E+01   4.689E+00   1.524E+01   4.366E-05   5.922E-09   7.253E-01   7.727E-10   4.530E-03
 1.157E+00   1.201E+02   1.508E+01   3.875E+00   1.340E+01   3.966E-05   6.464E-09   7.376E-01   7.603E-10   4.253E-03
 1.127E+00   1.276E+02   1.360E+01   3.210E+00   1.184E+01   3.615E-05   7.064E-09   7.610E-01   7.488E-10   4.002E-03
 1.099E+00   1.354E+02   1.228E+01   2.660E+00   1.049E+01   3.301E-05   7.740E-09   7.933E-01   7.381E-10   3.771E-03
 1.072E+00   1.435E+02   1.111E+01   2.201E+00   9.318E+00   3.020E-05   8.506E-09   8.251E-01   7.281E-10   3.557E-03
 1.046E+00   1.518E+02   1.007E+01   1.823E+00   8.303E+00   2.769E-05   9.363E-09   8.381E-01   7.189E-10   3.360E-03
 1.022E+00   1.602E+02   9.169E+00   1.520E+00   7.445E+00   2.552E-05   1.030E-08   8.257E-01   7.106E-10   3.184E-03
 9.996E-01   1.683E+02   8.404E+00   1.280E+00   6.731E+00   2.366E-05   1.129E-08   7.998E-01   7.033E-10   3.029E-03
 9.796E-01   1.761E+02   7.752E+00   1.089E+00   6.133E+00   2.207E-05   1.233E-08   7.742E-01   6.969E-10   2.893E-03
 9.614E-01   1.837E+02   7.191E+00   9.349E-01   5.629E+00   2.069E-05   1.341E-08   7.395E-01   6.913E-10   2.773E-03
 9.452E-01   1.908E+02   6.719E+00   8.132E-01   5.211E+00   1.953E-05   1.451E-08   7.050E-01   6.865E-10   2.669E-03
 9.302E-01   1.977E+02   6.303E+00   7.119E-01   4.847E+00   1.850E-05   1.565E-08   6.822E-01   6.822E-10   2.575E-03
 9.162E-01   2.045E+02   5.932E+00   6.266E-01   4.527E+00   1.757E-05   1.685E-08   6.718E-01   6.783E-10   2.489E-03
 9.028E-01   2.112E+02   5.593E+00   5.529E-01   4.238E+00   1.672E-05   1.812E-08   6.771E-01   6.747E-10   2.409E-03
 8.899E-01   2.180E+02   5.278E+00   4.883E-01   3.973E+00   1.593E-05   1.950E-08   6.797E-01   6.713E-10   2.333E-03
 8.775E-01   2.248E+02   4.991E+00   4.325E-01   3.733E+00   1.521E-05   2.097E-08   7.136E-01   6.682E-10   2.263E-03
 8.642E-01   2.324E+02   4.694E+00   3.780E-01   3.489E+00   1.445E-05   2.274E-08   8.124E-01   6.649E-10   2.188E-03
 8.495E-01   2.412E+02   4.383E+00   3.246E-01   3.235E+00   1.366E-05   2.495E-08   9.492E-01   6.615E-10   2.107E-03
 8.323E-01   2.520E+02   4.040E+00   2.702E-01   2.959E+00   1.277E-05   2.793E-08   1.195E+00   6.577E-10   2.016E-03
 8.133E-01   2.648E+02   3.684E+00   2.188E-01   2.677E+00   1.185E-05   3.184E-08   1.329E+00   6.537E-10   1.918E-03
 7.944E-01   2.784E+02   3.353E+00   1.757E-01   2.418E+00   1.098E-05   3.656E-08   1.371E+00   6.501E-10   1.823E-03
 7.767E-01   2.919E+02   3.064E+00   1.419E-01   2.195E+00   1.021E-05   4.190E-08   1.344E+00   6.469E-10   1.738E-03
 7.606E-01   3.051E+02   2.817E+00   1.159E-01   2.007E+00   9.546E-06   4.775E-08   1.299E+00   6.442E-10   1.662E-03
 7.457E-01   3.180E+02   2.603E+00   9.556E-02   1.845E+00   8.964E-06   5.419E-08   1.289E+00   6.419E-10   1.594E-03
 7.313E-01   3.312E+02   2.407E+00   7.872E-02   1.699E+00   8.426E-06   6.160E-08   1.359E+00   6.398E-10   1.530E-03
 7.163E-01   3.458E+02   2.216E+00   6.388E-02   1.557E+00   7.894E-06   7.083E-08   1.557E+00   6.377E-10   1.465E-03
 6.992E-01   3.634E+02   2.012E+00   4.986E-02   1.408E+00   7.318E-06   8.374E-08   1.988E+00   6.356E-10   1.393E-03
 6.788E-01   3.863E+02   1.787E+00   3.654E-02   1.245E+00   6.671E-06   1.036E-07   2.571E+00   6.334E-10   1.310E-03
 6.532E-01   4.178E+02   1.532E+00   2.416E-02   1.062E+00   5.923E-06   1.381E-07   3.770E+00   6.310E-10   1.210E-03
 6.171E-01   4.688E+02   1.221E+00   1.280E-02   8.413E-01   4.974E-06   2.169E-07   6.544E+00   6.283E-10   1.077E-03
 5.649E-01   5.601E+02   8.575E-01   4.485E-03   5.875E-01   3.799E-06   4.659E-07   1.103E+01   6.256E-10   9.002E-04
 5.117E-01   6.829E+02   5.771E-01   1.259E-03   3.940E-01   2.816E-06   1.211E-06   1.338E+01   6.240E-10   7.373E-04
 4.634E-01   8.321E+02   3.883E-01   3.162E-04   2.648E-01   2.090E-06   3.527E-06   1.626E+01   6.233E-10   6.044E-04
 4.198E-01   1.014E+03   2.613E-01   7.023E-05   1.781E-01   1.552E-06   1.163E-05   1.980E+01   6.231E-10   4.957E-04
 3.808E-01   1.230E+03   1.771E-01   1.402E-05   1.206E-01   1.159E-06   4.291E-05   2.280E+01   6.230E-10   4.080E-04
 3.475E-01   1.477E+03   1.227E-01   2.688E-06   8.360E-02   8.802E-07   1.678E-04   2.666E+01   6.229E-10   3.396E-04
 3.162E-01   1.783E+03   8.417E-02   4.245E-07   5.734E-02   6.634E-07   7.899E-04   3.442E+01   6.229E-10   2.813E-04
 2.864E-01   2.172E+03   5.665E-02   5.114E-08   3.859E-02   4.930E-07   4.792E-03   4.249E+01   6.229E-10   2.307E-04
 2.594E-01   2.646E+03   3.813E-02   5.037E-09   2.597E-02   3.663E-07   3.549E-02   5.179E+01   6.229E-10   1.893E-04
 2.350E-01   3.225E+03   2.566E-02   4.173E-10   1.748E-02   2.722E-07   3.220E-01   6.313E+01   6.229E-10   1.553E-04
 2.128E-01   3.930E+03   1.727E-02   9.812E-11   1.176E-02   2.022E-07   2.068E+00   7.696E+01   6.229E-10   1.274E-04
 1.928E-01   4.789E+03   1.162E-02   7.023E-11   7.917E-03   1.503E-07   4.809E+00   9.381E+01   6.229E-10   1.045E-04
 1.746E-01   5.837E+03   7.821E-03   5.193E-11   5.328E-03   1.117E-07   7.868E+00   1.143E+02   6.229E-10   8.574E-05
 1.581E-01   7.113E+03   5.266E-03   3.844E-11   3.587E-03   8.299E-08   1.126E+01   1.380E+02   6.229E-10   7.035E-05
 1.445E-01   8.514E+03   3.674E-03   2.924E-11   2.503E-03   6.336E-08   1.466E+01   1.420E+02   6.229E-10   5.876E-05
 1.336E-01   9.958E+03   2.685E-03   0.000E+00   1.829E-03   5.008E-08   1.709E+01   1.465E+02   6.229E-10   5.024E-05
 1.246E-01   1.145E+04   2.029E-03   0.000E+00   1.383E-03   4.060E-08   1.709E+01   1.523E+02   6.229E-10   4.367E-05
 1.169E-01   1.302E+04   1.569E-03   0.000E+00   1.069E-03   3.348E-08   1.709E+01   1.618E+02   6.229E-10   3.841E-05
 1.098E-01   1.475E+04   1.224E-03   0.000E+00   8.339E-04   2.778E-08   1.709E+01   1.844E+02   6.229E-10   3.392E-05
 1.024E-01   1.695E+04   9.261E-04   0.000E+00   6.309E-04   2.254E-08   1.709E+01   2.673E+02   6.229E-10   2.950E-05
 9.510E-02   1.966E+04   6.886E-04   0.000E+00   4.691E-04   1.805E-08   1.709E+01   2.737E+02   6.229E-10   2.544E-05
 8.902E-02   2.244E+04   5.287E-04   0.000E+00   3.601E-04   1.480E-08   1.709E+01   2.810E+02   6.229E-10   2.229E-05
 8.385E-02   2.529E+04   4.162E-04   0.000E+00   2.835E-04   1.237E-08   1.709E+01   2.886E+02   6.229E-10   1.978E-05
 7.938E-02   2.822E+04   3.342E-04   0.000E+00   2.277E-04   1.049E-08   1.709E+01   2.968E+02   6.229E-10   1.772E-05
 7.545E-02   3.123E+04   2.728E-04   0.000E+00   1.858E-04   9.011E-09   1.709E+01   3.055E+02   6.229E-10   1.601E-05
 7.196E-02   3.434E+04   2.257E-04   0.000E+00   1.537E-04   7.817E-09   1.709E+01   3.147E+02   6.229E-10   1.456E-05
 6.882E-02   3.754E+04   1.888E-04   0.000E+00   1.286E-04   6.839E-09   1.709E+01   3.245E+02   6.229E-10   1.332E-05
 6.598E-02   4.084E+04   1.595E-04   0.000E+00   1.087E-04   6.026E-09   1.709E+01   3.350E+02   6.229E-10   1.224E-05
 6.326E-02   4.442E+04   1.348E-04   0.000E+00   9.185E-05   5.312E-09   1.709E+01   5.175E+02   6.229E-10   1.126E-05
 5.737E-02   5.402E+04   9.119E-05   0.000E+00   6.212E-05   3.962E-09   1.709E+01   1.059E+03   6.229E-10   9.258E-06
 5.196E-02   6.584E+04   6.137E-05   0.000E+00   4.181E-05   2.944E-09   1.709E+01   1.291E+03   6.229E-10   7.595E-06
 4.706E-02   8.026E+04   4.130E-05   0.000E+00   2.814E-05   2.187E-09   1.709E+01   1.574E+03   6.229E-10   6.230E-06
 4.263E-02   9.784E+04   2.780E-05   0.000E+00   1.894E-05   1.625E-09   1.709E+01   1.918E+03   6.229E-10   5.111E-06
 3.861E-02   1.193E+05   1.871E-05   0.000E+00   1.274E-05   1.208E-09   1.709E+01   2.338E+03   6.229E-10   4.193E-06
 3.497E-02   1.454E+05   1.259E-05   0.000E+00   8.576E-06   8.973E-10   1.709E+01   2.850E+03   6.229E-10   3.440E-06
 3.167E-02   1.772E+05   8.473E-06   0.000E+00   5.772E-06   6.667E-10   1.709E+01   3.474E+03   6.229E-10   2.822E-06
 2.869E-02   2.160E+05   5.702E-06   0.000E+00   3.884E-06   4.954E-10   1.709E+01   4.235E+03   6.229E-10   2.315E-06
 2.598E-02   2.633E+05   3.837E-06   0.000E+00   2.614E-06   3.681E-10   1.709E+01   5.162E+03   6.229E-10   1.899E-06
 2.353E-02   3.210E+05   2.583E-06   0.000E+00   1.759E-06   2.735E-10   1.709E+01   6.293E+03   6.229E-10   1.558E-06
 2.132E-02   3.912E+05   1.738E-06   0.000E+00   1.184E-06   2.032E-10   1.709E+01   7.670E+03   6.229E-10   1.278E-06
 1.931E-02   4.769E+05   1.170E-06   0.000E+00   7.968E-07   1.510E-10   1.709E+01   9.350E+03   6.229E-10   1.049E-06
 1.749E-02   5.813E+05   7.872E-07   0.000E+00   5.363E-07   1.122E-10   1.709E+01   1.140E+04   6.229E-10   8.602E-07
 1.584E-02   7.086E+05   5.298E-07   0.000E+00   3.609E-07   8.337E-11   1.709E+01   1.389E+04   6.229E-10   7.057E-07
 1.435E-02   8.638E+05   3.565E-07   0.000E+00   2.429E-07   6.195E-11   1.709E+01   1.694E+04   6.229E-10   5.789E-07
 1.299E-02   1.053E+06   2.400E-07   0.000E+00   1.635E-07   4.603E-11   1.709E+01   2.064E+04   6.229E-10   4.749E-07
 1.177E-02   1.283E+06   1.615E-07   0.000E+00   1.100E-07   3.420E-11   1.709E+01   2.516E+04   6.229E-10   3.896E-07
 1.066E-02   1.565E+06   1.087E-07   0.000E+00   7.404E-08   2.541E-11   1.709E+01   3.067E+04   6.229E-10   3.196E-07
 9.946E-03   1.797E+06   8.237E-08   0.000E+00   5.611E-08   2.064E-11   1.709E+01   3.523E+04   6.229E-10   2.783E-07




